
Under [Move] remove
6, 0, -20, 10, 52
30, 0, -20, 10, 52

add

5, 5, -85, 12
29, -5, -85, 12

Under [Omissions] remove 5 and 29

Under [Add Ball]

Replace

6, 6, -10, -3, 55, 0, 0, 0, 0, -1, 20, 0, 0, 1
30, -6, -10, -3, 55, 0, 0, 0, 0, -1, 20, 0, 0, 1
6, 3, -18, -3, 55, 0, 0, 0, 0, -1, 20, 0, 0, 1
30, -3, -18, -3, 55, 0, 0, 0, 0, -1, 20, 0, 0, 1
6, 13, -27, -12, 55, 0, 0, 0, 0, -1, 14, 0, 0, 1
30, -13, -27, -12, 55, 0, 0, 0, 0, -1, 14, 0, 0, 1

with

6, -10, -60, 20, 63, 0, 0, 0, 0, -1, 22, 8, 0, 1 
6, 15, -55, 7, 10, 0, 0, 0, 0, -1, 30, 8, 0, 1 
6, 40, -50, 20, 63, 0, 0, 0, 0, -1, 22, 8, 0, 1 
30, 10, -60, 20, 63, 0, 0, 0, 0, -1, 22, 8, 0, 1 
30, -15, -55, 7, 10, 0, 0, 0, 0, -1, 30, 8, 0, 1
30, -40, -50, 20, 63, 0, 0, 0, 0, -1, 22, 8, 0, 1 

and after the two Mouth Corners ballz (93 and 94) add this

;extra ear ballz 95
6, 0, 5, 0, 63, 0, 0, 0, 0, -1, 27, 8, 0, 1 
5, 3, 9, -12, 60, 0, 0, 0, -1, -1, 12, 8, 0, 1 
30, 0, -5, 0, 63, 0, 0, 0, 0, -1, 27, 8, 0, 1 
29, 3, 9, -12, 60, 0, 0, 0, -1, -1, 12, 8, 0, 1 
;99
6, 7, -38, 24, 60, 0, 0, 0, 0, -1, 12, 8, 0, -1
30, -7, -38, 24, 63, 0, 0, 0, 0, -1, 12, 8, 0, -1 
6, 15, -70, 24, 60, 0, 0, 0, 0, -1, 32, 8, 0, 1
30, -15, -70, 24, 63, 0, 0, 0, 0, -1, 32, 8, 0, 1

Under [Linez] replace

;ears
81, 79, 1, -1, 244, 244, 95, 100 ;ear
77, 6, 1, -1, 244, 244, 100, 100 
79, 6, 1, -1, 244, 244, 100, 100 ;ear
82, 80, 1, -1, 244, 244, 95, 100 ;ear
78, 30, 1, -1, 244, 244, 100, 100 
80, 30, 1, -1, 244, 244, 100, 100 ;ear

with

;left ear
77, 95, 1, -1, -1, -1, 100, 100
79, 95, 1, -1, -1, -1, 100, 100
77, 5, 1, -1, -1, -1, 100, 100
77, 79, 1, -1, -1, -1, 100, 100
79, 5, 1, -1, -1, -1, 100, 100
78, 96, 1, -1, -1, -1, 100, 100
78, 99, 1, -1, -1, -1, 100, 100
101, 5, 1, -1, -1, -1, 100, 100
101, 95, 1, -1, -1, -1, 100, 100
101, 77, 1, -1, -1, -1, 100, 100
101, 79, 1, -1, -1, -1, 100, 100
78, 6, 1, -1, -1, -1, 100, 80
;right ear
80, 97, 1, -1, -1, -1, 100, 100
82, 97, 1, -1, -1, -1, 100, 100
80, 82, 1, -1, -1, -1, 100, 100
80, 29, 1, -1, -1, -1, 100, 100
82, 29, 1, -1, -1, -1, 100, 100
81, 98, 1, -1, -1, -1, 100, 100
81, 100, 1, -1, -1, -1, 100, 100
102, 29, 1, -1, -1, -1, 100, 100
102, 97, 1, -1, -1, -1, 100, 100
102, 80, 1, -1, -1, -1, 100, 100
102, 82, 1, -1, -1, -1, 100, 100
81, 30, 1, -1, -1, -1, 100. 80


Ta-da!  Instant bunny-ears.  You'll probably want to tweak 'em, but there they are.




